0.48079395294189453
0.42122912406921387
0.6932439804077148
0.4465961456298828
0.42536425590515137
0.4643888473510742
0.4098484516143799
0.42648887634277344
0.42220616340637207
0.4133734703063965
0.4071228504180908
0.4062530994415283
0.406052827835083
0.48552966117858887
0.5215754508972168
0.4176504611968994
0.42215490341186523
0.4437716007232666
0.4471898078918457
0.4223453998565674
0.4213387966156006
0.4161720275878906
1.224501371383667
0.44756174087524414
0.4339718818664551
0.4372289180755615
0.41937828063964844
0.43004894256591797
0.4092097282409668
0.442319393157959
0.41578006744384766
0.7949683666229248
0.41121816635131836
0.41147851943969727
0.4070770740509033
0.40997862815856934
0.4074361324310303
0.40633511543273926
0.40796685218811035
0.40755438804626465
0.41133809089660645
0.41289687156677246
0.4088132381439209
0.45458149909973145
0.4160475730895996
0.4102020263671875
0.41062045097351074
0.40781283378601074
0.4079132080078125
0.4106454849243164
0.4104294776916504
0.4054269790649414
0.4081912040710449
0.41402435302734375
0.4090452194213867
0.40678906440734863
0.4068324565887451
0.4916071891784668
0.4301316738128662
