0.21268200874328613
0.18991923332214355
0.2178022861480713
0.1808640956878662
0.1823422908782959
0.19046282768249512
0.18123245239257812
0.19304370880126953
0.1818830966949463
0.18343853950500488
0.18120121955871582
0.18082165718078613
0.18083548545837402
0.23018670082092285
0.18586397171020508
0.1806025505065918
0.20227432250976562
0.18868088722229004
0.1825270652770996
0.18059229850769043
0.1843738555908203
0.18330740928649902
0.30640101432800293
0.199310302734375
0.19737815856933594
0.18870854377746582
0.1853199005126953
0.1805260181427002
0.20054888725280762
0.22565913200378418
0.8460345268249512
0.3533625602722168
0.3545725345611572
0.3542943000793457
0.3566129207611084
0.35537242889404297
0.34855127334594727
0.3562638759613037
0.35097455978393555
0.3520493507385254
0.3498566150665283
0.37932419776916504
0.37178945541381836
0.3505518436431885
0.34586286544799805
0.350719690322876
0.349118709564209
0.3502018451690674
0.3474862575531006
0.3499755859375
0.34882640838623047
0.35150957107543945
0.3513154983520508
0.35091328620910645
0.3512256145477295
0.3497769832611084
0.37691521644592285
0.3495056629180908
